17 344
-1 12 30 45 21 34 50 18 37 40 22 29 19 31 27 41 38
25 -1 17 36 33 28 44 32 41 30 29 35 22 40 39 27 31
18 29 -1 27 46 25 31 22 38 26 32 42 33 24 20 37 43
19 23 45 -1 40 30 21 28 31 24 33 44 25 29 36 38 26
27 40 39 22 -1 18 43 26 34 35 31 37 41 28 42 33 19
34 35 28 30 44 -1 29 24 36 40 19 33 32 27 43 39 25
38 21 29 31 25 46 -1 19 40 37 41 30 35 22 28 42 33
29 27 34 28 40 38 19 -1 25 33 37 22 39 31 43 44 21
26 30 18 43 39 22 33 41 -1 36 42 37 25 19 28 31 27
31 33 40 27 18 19 39 42 37 -1 29 28 43 21 35 34 32
22 29 33 39 26 30 28 35 25 43 -1 31 38 24 42 40 19
44 40 25 37 31 29 21 28 24 33 27 -1 19 36 38 22 30
36 27 31 29 30 35 22 19 40 42 25 41 -1 44 33 26 43
39 41 28 31 32 27 40 24 33 36 22 19 29 -1 38 31 35
24 38 22 29 35 33 26 19 44 42 30 40 28 27 -1 39 34
32 25 27 38 43 39 31 33 40 28 29 41 22 24 37 -1 42
25 33 40 42 19 36 38 44 29 22 27 31 28 30 35 37 -1
